23.971891 26.809187 28.266833 20.000000 20.000000
43.826332 27.000303 25.803950 40.000000 20.000000
63.731095 27.750749 24.212612 60.000000 20.000000
83.636779 29.156330 23.571672 80.000000 20.000000
103.478702 31.458315 24.156508 100.000000 20.000000
123.036170 35.062849 26.290729 120.000000 20.000000
141.937048 40.263104 30.028513 140.000000 20.000000
160.140689 46.797657 34.994109 160.000000 20.000000
178.305106 53.442141 40.083784 180.000000 20.000000
22.670316 44.478848 19.000085 20.000000 40.000000
42.401267 44.284776 15.818465 40.000000 40.000000
62.258533 44.517175 13.422446 60.000000 40.000000
82.174009 45.322674 11.920892 80.000000 40.000000
102.084818 46.875248 11.501376 100.000000 40.000000
121.873502 49.524636 12.524860 120.000000 40.000000
141.244620 53.647480 15.201210 140.000000 40.000000
159.785022 59.566402 19.611703 160.000000 40.000000
177.945243 66.212852 24.696145 180.000000 40.000000
21.448606 62.367530 10.161333 20.000000 60.000000
41.078231 61.911819 6.460539 40.000000 60.000000
60.830643 61.760366 3.370097 60.000000 60.000000
80.690016 62.038845 1.042158 80.000000 60.000000
100.616775 62.898284 -0.363326 100.000000 60.000000
120.530059 64.671848 -0.460223 120.000000 60.000000
140.227063 67.727404 1.042766 140.000000 60.000000
159.328453 72.515220 4.389869 160.000000 60.000000
177.585380 78.983563 9.308506 180.000000 60.000000
20.267397 80.433256 1.629329 20.000000 80.000000
39.854248 79.847948 2.295155 40.000000 80.000000
59.635328 79.707449 5.234902 60.000000 80.000000
79.540870 80.109517 6.990508 80.000000 80.000000
99.513093 81.085171 7.487581 100.000000 80.000000
119.441555 82.722900 6.478217 120.000000 80.000000
139.127927 85.040879 3.912936 140.000000 80.000000
158.451231 88.055114 -0.237344 160.000000 80.000000
177.227892 91.765591 -6.013012 180.000000 80.000000
19.119165 98.609752 6.653092 20.000000 100.000000
38.732822 98.033426 10.543231 40.000000 100.000000
58.536218 97.911121 13.445768 60.000000 100.000000
78.435444 98.329794 15.163607 80.000000 100.000000
98.415714 99.304424 15.664046 100.000000 100.000000
118.372912 100.939986 14.663311 120.000000 100.000000
138.063789 103.245326 12.122514 140.000000 100.000000
157.394724 106.245967 8.007450 160.000000 100.000000
176.209273 109.944986 2.261770 180.000000 100.000000
17.979776 116.795501 14.898111 20.000000 120.000000
37.611396 116.218905 18.791308 40.000000 120.000000
57.437108 116.114792 21.656633 60.000000 120.000000
77.330017 116.550070 23.336707 80.000000 120.000000
97.318335 117.523677 23.840511 100.000000 120.000000
117.296087 119.155373 22.845842 120.000000 120.000000
136.995802 121.453239 20.328080 140.000000 120.000000
156.338217 124.436821 16.252245 160.000000 120.000000
175.190655 128.124380 10.536552 180.000000 120.000000
16.840388 134.981250 23.143129 20.000000 140.000000
36.489970 134.404384 27.039384 40.000000 140.000000
56.337998 134.318463 29.867499 60.000000 140.000000
76.224591 134.770347 31.509807 80.000000 140.000000
96.220956 135.742930 32.016975 100.000000 140.000000
116.224303 137.373324 31.028600 120.000000 140.000000
135.927815 139.661151 28.533647 140.000000 140.000000
155.281711 142.627675 24.497039 160.000000 140.000000
174.172036 146.303775 18.811334 180.000000 140.000000
15.701000 153.167000 31.388147 20.000000 160.000000
35.368544 152.589863 35.287460 40.000000 160.000000
55.238888 152.522134 38.078365 60.000000 160.000000
75.119165 152.990623 39.682906 80.000000 160.000000
95.123577 153.962183 40.193440 100.000000 160.000000
115.152519 155.591275 39.211359 120.000000 160.000000
134.859828 157.869064 36.739213 140.000000 160.000000
154.208351 160.817265 32.739357 160.000000 160.000000
173.153417 164.483170 27.086117 180.000000 160.000000
14.561612 171.352749 39.633165 20.000000 180.000000
34.279627 170.773538 43.536171 40.000000 180.000000
54.139778 170.725805 46.289231 60.000000 180.000000
74.013738 171.210899 47.856006 80.000000 180.000000
94.026199 172.181436 48.369905 100.000000 180.000000
114.080734 173.809226 47.394117 120.000000 180.000000
133.791842 176.076977 44.944779 140.000000 180.000000
153.145848 179.010825 40.977407 160.000000 180.000000
172.105875 182.656642 35.361473 180.000000 180.000000
