33.197126 43.970621 48.016673 20.000000 20.000000
51.515333 41.023094 40.549721 40.000000 20.000000
69.833540 38.075566 33.082770 60.000000 20.000000
88.557438 36.253241 26.588811 80.000000 20.000000
108.120112 37.141265 22.603950 100.000000 20.000000
127.852485 39.581106 20.510208 120.000000 20.000000
147.512144 43.024482 19.947748 140.000000 20.000000
167.055815 47.093707 20.471830 160.000000 20.000000
186.469400 51.694905 21.971967 180.000000 20.000000
29.084116 56.500386 32.980445 20.000000 40.000000
47.402324 53.552859 25.513494 40.000000 40.000000
65.833776 50.911959 18.312837 60.000000 40.000000
85.190282 50.949186 13.457550 80.000000 40.000000
104.903147 52.929242 10.756260 100.000000 40.000000
124.602806 56.138974 9.794708 120.000000 40.000000
144.178130 60.113350 10.129531 140.000000 40.000000
163.615282 64.633755 11.470754 160.000000 40.000000
182.892542 69.503920 13.590943 180.000000 40.000000
24.971107 69.030152 17.944218 20.000000 60.000000
43.287037 66.080171 10.480959 40.000000 60.000000
62.307242 65.007608 4.586779 60.000000 60.000000
81.949741 66.408195 1.190304 80.000000 60.000000
101.676740 69.286426 -0.281979 100.000000 60.000000
121.296015 73.140794 -0.194161 120.000000 60.000000
140.754102 77.587314 1.007541 140.000000 60.000000
160.060048 82.405315 3.002752 160.000000 60.000000
179.218785 87.471900 5.621979 180.000000 60.000000
20.858098 81.559917 2.907991 20.000000 80.000000
39.563155 79.561692 3.761814 40.000000 80.000000
59.162065 80.480170 7.505273 60.000000 80.000000
78.926573 83.027388 9.051313 80.000000 80.000000
98.616898 86.595529 8.914854 100.000000 80.000000
118.101784 90.848969 7.397133 120.000000 80.000000
137.390321 95.501525 4.952917 140.000000 80.000000
156.507777 100.452030 1.782808 160.000000 80.000000
175.467631 105.589950 -1.954574 180.000000 80.000000
16.975979 94.599434 11.743220 20.000000 100.000000
36.421139 94.800549 16.321085 40.000000 100.000000
56.164068 96.899395 18.513315 60.000000 100.000000
75.912647 100.112123 19.015353 80.000000 100.000000
95.485949 104.220482 17.864739 100.000000 100.000000
114.825696 108.760399 15.672058 120.000000 100.000000
133.998977 113.633351 12.712984 140.000000 100.000000
153.022133 118.741628 9.132449 160.000000 100.000000
171.931483 123.943111 5.204119 180.000000 100.000000
13.701702 109.284464 24.924418 20.000000 120.000000
33.400941 110.922544 27.741966 40.000000 120.000000
53.170365 113.785864 28.813831 60.000000 120.000000
72.848651 117.633129 28.234869 80.000000 120.000000
92.249320 122.053730 26.320615 100.000000 120.000000
111.467314 126.829166 23.582055 120.000000 120.000000
130.551977 131.891204 20.179497 140.000000 120.000000
149.492289 137.106030 16.304574 160.000000 120.000000
168.402575 142.284115 12.356346 180.000000 120.000000
10.645887 125.071762 36.792991 20.000000 140.000000
30.403433 127.563044 38.414691 40.000000 140.000000
50.168316 131.082960 38.471636 60.000000 140.000000
69.659243 135.383186 36.893298 80.000000 140.000000
88.917495 140.047715 34.386219 100.000000 140.000000
108.055415 145.042541 31.177619 120.000000 140.000000
127.053095 150.268950 27.405030 140.000000 140.000000
145.963381 155.447035 23.456802 160.000000 140.000000
164.873667 160.625120 19.508574 180.000000 140.000000
7.639121 141.481327 47.801212 20.000000 160.000000
27.431354 144.587473 48.536659 40.000000 160.000000
47.049582 148.747814 47.381431 60.000000 160.000000
66.354395 153.296729 45.122701 80.000000 160.000000
85.535332 158.203878 42.119500 100.000000 160.000000
104.614546 163.411120 38.499754 120.000000 160.000000
123.524187 168.609954 34.557257 140.000000 160.000000
142.434473 173.788040 30.609029 160.000000 160.000000
161.344759 178.966125 26.660801 180.000000 160.000000
4.646819 158.296094 58.215731 20.000000 180.000000
24.413383 162.149796 57.769444 40.000000 180.000000
43.782698 166.582102 55.791169 60.000000 180.000000
62.996656 171.384807 52.999570 80.000000 180.000000
82.141428 176.544909 49.563953 100.000000 180.000000
101.084992 181.772874 45.657712 120.000000 180.000000
119.995279 186.950959 41.709484 140.000000 180.000000
138.905565 192.129044 37.761257 160.000000 180.000000
157.815852 197.307129 33.813029 180.000000 180.000000
