23.749741 26.020121 26.654493 20.000000 20.000000
43.290836 25.429557 22.732814 40.000000 20.000000
63.001557 25.240266 19.668407 60.000000 20.000000
82.915225 25.580892 17.732450 80.000000 20.000000
102.849739 26.576519 17.235525 100.000000 20.000000
122.708579 28.225957 18.192960 120.000000 20.000000
142.402229 30.604798 20.786187 140.000000 20.000000
161.695269 33.691755 24.975838 160.000000 20.000000
180.333282 37.508289 30.839498 180.000000 20.000000
22.589131 44.157581 18.306709 20.000000 40.000000
42.143495 43.565555 14.380020 40.000000 40.000000
61.875545 43.389728 11.341995 60.000000 40.000000
81.785864 43.751555 9.452864 80.000000 40.000000
101.734340 44.741954 8.942586 100.000000 40.000000
121.613631 46.397630 9.910967 120.000000 40.000000
141.304638 48.767647 12.485211 140.000000 40.000000
160.606072 51.846862 16.656839 160.000000 40.000000
179.287445 55.649284 22.506215 180.000000 40.000000
21.428521 62.295042 9.958924 20.000000 60.000000
40.996155 61.701553 6.027225 40.000000 60.000000
60.749533 61.539189 3.015582 60.000000 60.000000
80.656388 61.920007 1.176012 80.000000 60.000000
100.618940 62.907389 0.649647 100.000000 60.000000
120.518683 64.569302 1.628973 120.000000 60.000000
140.207047 66.930497 4.184236 140.000000 60.000000
159.516876 70.001969 8.337840 160.000000 60.000000
178.232755 73.797051 14.166781 180.000000 60.000000
20.267910 80.432503 1.611140 20.000000 80.000000
39.819592 79.780902 2.464323 40.000000 80.000000
59.485843 79.345248 6.084191 60.000000 80.000000
79.261583 79.263459 9.052300 80.000000 80.000000
99.128721 79.629241 11.257429 100.000000 80.000000
119.076947 80.625678 12.435292 120.000000 80.000000
138.977241 82.659871 12.147847 140.000000 80.000000
158.546234 86.147348 10.139286 160.000000 80.000000
177.181193 91.928933 5.889340 180.000000 80.000000
19.067761 98.522412 6.843561 20.000000 100.000000
38.601003 97.818814 11.059765 40.000000 100.000000
58.189311 97.171172 15.107852 60.000000 100.000000
77.892388 96.776713 18.627839 80.000000 100.000000
97.681653 96.758149 21.482306 100.000000 100.000000
117.565180 97.219007 23.528875 120.000000 100.000000
137.538513 98.350537 24.477982 140.000000 100.000000
157.402746 100.655401 23.838414 160.000000 100.000000
176.832018 104.567509 21.379060 180.000000 100.000000
17.868100 116.595679 15.324001 20.000000 120.000000
37.404676 115.909919 19.549156 40.000000 120.000000
56.939049 115.206168 23.763937 60.000000 120.000000
76.560361 114.569483 27.749185 80.000000 120.000000
96.307096 114.211667 31.151615 100.000000 120.000000
116.108194 114.274887 33.876921 120.000000 120.000000
136.009614 114.813013 35.784441 140.000000 120.000000
156.004406 116.132770 36.431620 160.000000 120.000000
175.807070 118.722380 35.450398 180.000000 120.000000
16.668439 134.668945 23.804441 20.000000 140.000000
36.205015 133.983185 28.029596 40.000000 140.000000
55.741591 133.297426 32.254751 60.000000 140.000000
75.291260 132.575402 36.459711 80.000000 140.000000
94.959638 131.957318 40.359214 100.000000 140.000000
114.721732 131.660636 43.658999 120.000000 140.000000
134.527912 131.801046 46.261875 140.000000 140.000000
154.450365 132.437225 48.004336 160.000000 140.000000
174.467466 133.967193 48.312562 180.000000 140.000000
15.468779 152.742211 32.284882 20.000000 160.000000
35.005355 152.056451 36.510036 40.000000 160.000000
54.541931 151.370692 40.735191 60.000000 160.000000
74.078507 150.684933 44.960346 80.000000 160.000000
93.638248 149.964870 49.148069 100.000000 160.000000
113.370389 149.342413 52.960675 120.000000 160.000000
133.141666 149.122412 56.137199 140.000000 160.000000
152.956616 149.343429 58.616942 160.000000 160.000000
172.913234 150.065449 60.186498 180.000000 160.000000
14.269118 170.815477 40.765322 20.000000 180.000000
33.805694 170.129718 44.990476 40.000000 180.000000
53.342270 169.443958 49.215631 60.000000 180.000000
72.878846 168.758199 53.440786 80.000000 180.000000
92.415422 168.072440 57.665941 100.000000 180.000000
112.017959 167.322562 61.826377 120.000000 180.000000
131.766673 166.759404 65.539433 140.000000 180.000000
151.562176 166.591750 68.607446 160.000000 180.000000
171.383360 166.897070 70.953268 180.000000 180.000000
