22.826619 24.579411 23.404655 20.000000 20.000000
42.743665 24.787348 21.498741 40.000000 20.000000
62.687859 25.442290 20.441292 60.000000 20.000000
82.620259 26.618112 20.326259 80.000000 20.000000
102.471693 28.565313 21.509518 100.000000 20.000000
121.990171 31.764969 24.499327 120.000000 20.000000
140.607113 36.779887 29.623979 140.000000 20.000000
157.961011 43.688324 36.663817 160.000000 20.000000
175.198872 50.784962 43.909082 180.000000 20.000000
21.906226 43.008455 15.701606 20.000000 40.000000
41.726624 42.939558 13.123857 40.000000 40.000000
61.642218 43.176790 11.267753 60.000000 40.000000
81.595214 43.861462 10.280286 80.000000 40.000000
101.529693 45.158050 10.392681 100.000000 40.000000
121.316924 47.440674 12.093121 120.000000 40.000000
140.587726 51.220144 15.805874 140.000000 40.000000
158.569828 57.230487 21.964798 160.000000 40.000000
175.803487 64.328381 29.204993 180.000000 40.000000
21.041998 61.590951 8.380439 20.000000 60.000000
40.790574 61.344133 5.348620 40.000000 60.000000
60.626630 61.299705 2.843059 60.000000 60.000000
80.540772 61.566231 1.036765 80.000000 60.000000
100.502322 62.282645 0.125932 100.000000 60.000000
120.433451 63.773632 0.588538 120.000000 60.000000
140.104207 66.471714 2.880409 140.000000 60.000000
158.975366 71.047441 7.525517 160.000000 60.000000
176.408102 77.871801 14.500904 180.000000 60.000000
20.200685 80.307176 1.341731 20.000000 80.000000
39.902153 79.933214 2.004630 40.000000 80.000000
59.685035 79.697026 4.943133 60.000000 80.000000
79.541648 79.701626 7.313700 80.000000 80.000000
99.461556 80.027692 8.985382 100.000000 80.000000
119.441288 80.833704 9.655173 120.000000 80.000000
139.351990 82.539397 8.734002 140.000000 80.000000
158.856929 85.659952 5.776751 160.000000 80.000000
177.016252 91.411592 -0.121738 180.000000 80.000000
19.355145 99.069185 5.566750 20.000000 100.000000
39.054240 98.689779 9.002114 40.000000 100.000000
58.783130 98.294199 12.305486 60.000000 100.000000
78.594709 98.077847 15.169065 80.000000 100.000000
98.462441 98.119731 17.451600 100.000000 100.000000
118.387996 98.507792 18.993332 120.000000 100.000000
138.389119 99.411287 19.446341 140.000000 100.000000
158.253481 101.378616 18.104815 160.000000 100.000000
177.565695 104.971114 14.554223 180.000000 100.000000
18.513392 117.823095 12.464742 20.000000 120.000000
38.212487 117.443690 15.900105 40.000000 120.000000
57.911581 117.064285 19.335469 60.000000 120.000000
77.665522 116.663088 22.603018 80.000000 120.000000
97.510020 116.454827 25.387476 100.000000 120.000000
117.378611 116.553086 27.563555 120.000000 120.000000
137.314169 116.995695 28.993203 140.000000 120.000000
157.339078 118.047247 29.124895 160.000000 120.000000
177.127696 120.295508 27.371582 180.000000 120.000000
17.671639 136.577006 19.362734 20.000000 140.000000
37.370734 136.197601 22.798097 40.000000 140.000000
57.069828 135.818195 26.233461 60.000000 140.000000
76.766480 135.419405 29.661456 80.000000 140.000000
96.571287 135.011337 32.888486 100.000000 140.000000
116.425383 134.845521 35.585094 120.000000 140.000000
136.299937 134.987821 37.670185 140.000000 140.000000
156.251405 135.491829 38.953567 160.000000 140.000000
176.284610 136.730690 38.721368 180.000000 140.000000
16.829886 155.330916 26.260725 20.000000 160.000000
36.528980 154.951511 29.696089 40.000000 160.000000
56.228075 154.572106 33.131452 60.000000 160.000000
75.927170 154.192700 36.566816 80.000000 160.000000
95.624383 153.793257 39.994946 100.000000 160.000000
115.463977 153.381307 43.165182 120.000000 160.000000
135.342239 153.236614 45.774614 140.000000 160.000000
155.212946 153.439959 47.752254 160.000000 160.000000
175.201453 153.984881 48.899744 180.000000 160.000000
15.988133 174.084827 33.158717 20.000000 180.000000
35.687227 173.705422 36.594081 40.000000 180.000000
55.386322 173.326016 40.029444 60.000000 180.000000
75.085417 172.946611 43.464808 80.000000 180.000000
94.784511 172.567206 46.900171 100.000000 180.000000
114.482286 172.167110 50.328437 120.000000 180.000000
134.388759 171.726183 53.427015 140.000000 180.000000
154.261275 171.639848 55.942752 160.000000 180.000000
174.134822 171.892054 57.826121 180.000000 180.000000
