25.361324 29.093216 32.279997 20.000000 20.000000
44.688097 28.101870 27.475596 40.000000 20.000000
64.270856 27.734993 23.700893 60.000000 20.000000
84.117703 28.133028 21.193386 80.000000 20.000000
104.014727 29.389038 20.160317 100.000000 20.000000
123.850020 31.477455 20.583715 120.000000 20.000000
143.547819 34.406865 22.492052 140.000000 20.000000
162.921298 38.081462 25.728435 160.000000 20.000000
181.860413 42.401443 30.153476 180.000000 20.000000
23.696644 46.269555 22.170486 20.000000 40.000000
43.041284 45.287084 17.378250 40.000000 40.000000
62.649562 44.946066 13.643538 60.000000 40.000000
82.495597 45.376271 11.191417 80.000000 40.000000
102.407504 46.636334 10.162936 100.000000 40.000000
122.264183 48.729310 10.590787 120.000000 40.000000
141.961385 51.641805 12.470074 140.000000 40.000000
161.347137 55.299327 15.675221 160.000000 40.000000
180.312939 59.617932 20.093762 180.000000 40.000000
22.031964 63.445894 12.060975 20.000000 60.000000
41.394471 62.472299 7.280903 40.000000 60.000000
61.028269 62.157138 3.586183 60.000000 60.000000
80.873464 62.617701 1.191952 80.000000 60.000000
100.800280 63.883629 0.165554 100.000000 60.000000
120.678346 65.981166 0.597859 120.000000 60.000000
140.374952 68.876746 2.448095 140.000000 60.000000
159.772977 72.517193 5.622006 160.000000 60.000000
178.765465 76.834420 10.034049 180.000000 60.000000
20.367284 80.622234 1.951464 20.000000 80.000000
39.747435 79.657497 2.816496 40.000000 80.000000
59.406924 79.368392 6.467728 60.000000 80.000000
79.250444 79.866100 8.800961 80.000000 80.000000
99.186068 81.135376 9.825421 100.000000 80.000000
119.092702 83.233113 9.394914 120.000000 80.000000
138.788602 86.111845 7.573631 140.000000 80.000000
158.198941 89.735092 4.431213 160.000000 80.000000
177.218211 94.051032 0.025465 180.000000 80.000000
18.694681 97.799633 8.156363 20.000000 100.000000
38.100623 96.842678 12.913899 40.000000 100.000000
57.787772 96.588141 16.510566 60.000000 100.000000
77.627601 97.114651 18.793652 80.000000 100.000000
97.571834 98.387140 19.813957 100.000000 100.000000
117.506912 100.484981 19.387827 120.000000 100.000000
137.206632 103.349099 17.587997 140.000000 100.000000
156.624778 106.952952 14.484436 160.000000 100.000000
175.670739 111.267507 10.085202 180.000000 100.000000
17.026045 114.976195 18.264844 20.000000 120.000000
36.453811 114.027859 23.011302 40.000000 120.000000
56.168620 113.807890 26.553403 60.000000 120.000000
76.004758 114.363202 28.786343 80.000000 120.000000
95.957600 115.638905 29.802494 100.000000 120.000000
115.913425 117.734165 29.378900 120.000000 120.000000
135.621113 120.589568 27.600607 140.000000 120.000000
155.050614 124.170812 24.537659 160.000000 120.000000
174.123266 128.483982 20.144939 180.000000 120.000000
15.357410 132.152756 28.373325 20.000000 140.000000
34.827625 131.212580 33.107021 40.000000 140.000000
54.549469 131.027640 36.596241 60.000000 140.000000
74.381916 131.611753 38.779034 80.000000 140.000000
94.343366 132.890670 39.791031 100.000000 140.000000
114.324631 134.986833 39.369954 120.000000 140.000000
134.035594 137.830037 37.613217 140.000000 140.000000
153.476450 141.388672 34.590883 160.000000 140.000000
172.575793 145.700457 30.204677 180.000000 140.000000
13.688774 149.329318 38.481806 20.000000 160.000000
33.188950 148.402445 43.197773 40.000000 160.000000
52.930317 148.247389 46.639078 60.000000 160.000000
72.759073 148.860304 48.771725 80.000000 160.000000
92.729132 150.142434 49.779567 100.000000 160.000000
112.735837 152.239502 49.361009 120.000000 160.000000
132.450076 155.070506 47.625827 140.000000 160.000000
151.885479 158.605435 44.639759 160.000000 160.000000
171.028321 162.916932 40.264414 180.000000 160.000000
12.020139 166.505879 48.590288 20.000000 180.000000
31.550274 165.592311 53.288524 40.000000 180.000000
51.300931 165.465343 56.678991 60.000000 180.000000
71.136230 166.108855 58.764416 80.000000 180.000000
91.114898 167.394199 59.768104 100.000000 180.000000
111.147043 169.492170 59.352063 120.000000 180.000000
130.864557 172.310974 57.638437 140.000000 180.000000
150.305811 175.826176 54.687183 160.000000 180.000000
169.480848 180.133407 50.324151 180.000000 180.000000
