26.122166 31.015689 35.194936 20.000000 20.000000
45.849767 31.138094 31.861789 40.000000 20.000000
65.656059 31.977976 29.354319 60.000000 20.000000
85.485823 33.626014 27.717160 80.000000 20.000000
105.280018 36.318033 27.146774 100.000000 20.000000
124.848672 40.406058 27.839245 120.000000 20.000000
143.903794 46.038432 29.738820 140.000000 20.000000
162.460674 52.870075 32.523394 160.000000 20.000000
180.992829 59.813991 35.411522 180.000000 20.000000
24.102530 47.244387 23.692897 20.000000 40.000000
43.663649 46.811808 19.613570 40.000000 40.000000
63.395906 46.985067 16.340723 60.000000 40.000000
83.215596 47.897370 13.919439 80.000000 40.000000
103.055426 49.723970 12.480485 100.000000 40.000000
122.809146 52.799310 12.275257 120.000000 40.000000
142.227948 57.403673 13.383341 140.000000 40.000000
161.023452 63.686942 15.769106 160.000000 40.000000
179.551214 70.632165 18.651783 180.000000 40.000000
22.209982 63.826097 12.692318 20.000000 60.000000
41.617877 62.981600 8.022774 40.000000 60.000000
61.205133 62.607927 4.032204 60.000000 60.000000
80.941217 62.836415 0.819871 80.000000 60.000000
100.775155 63.821764 -1.508572 100.000000 60.000000
120.624657 65.911862 -2.662446 120.000000 60.000000
140.304218 69.420722 -2.479133 140.000000 60.000000
159.515048 74.666221 -0.867364 160.000000 60.000000
178.109600 81.450339 1.892043 180.000000 60.000000
20.392973 80.671391 2.039417 20.000000 80.000000
39.829361 79.839590 2.489784 40.000000 80.000000
59.692042 80.186271 4.684805 60.000000 80.000000
79.649139 81.299780 4.971274 80.000000 80.000000
99.544121 82.961849 3.582088 100.000000 80.000000
119.221686 85.008779 0.639717 120.000000 80.000000
138.640693 87.293179 -3.522604 140.000000 80.000000
157.796885 89.747945 -8.722767 160.000000 80.000000
176.672193 92.289463 -14.812428 180.000000 80.000000
18.793656 97.968965 7.863118 20.000000 100.000000
38.587519 98.028400 10.705308 40.000000 100.000000
58.527605 98.919193 11.568055 60.000000 100.000000
78.485556 100.401885 10.824911 80.000000 100.000000
98.260441 102.351708 8.367331 100.000000 100.000000
117.755974 104.564741 4.564609 120.000000 100.000000
137.004835 106.976948 -0.312061 140.000000 100.000000
156.000400 109.511703 -6.108046 160.000000 100.000000
174.777758 112.079662 -12.503137 180.000000 100.000000
17.493711 115.940294 16.554972 20.000000 120.000000
37.407167 116.619264 17.946477 40.000000 120.000000
57.369550 117.903764 17.767365 60.000000 120.000000
77.258819 119.717264 15.936505 80.000000 120.000000
96.850501 121.859065 12.545008 100.000000 120.000000
116.174365 124.211709 7.996006 120.000000 120.000000
135.276668 126.728636 2.493630 140.000000 120.000000
154.127635 129.313583 -3.753029 160.000000 120.000000
172.889971 131.856229 -10.195833 180.000000 120.000000
16.294086 134.380437 24.168383 20.000000 140.000000
36.247990 135.472122 24.508355 40.000000 140.000000
56.218723 137.119305 23.327464 60.000000 140.000000
75.921772 139.178257 20.407999 80.000000 140.000000
95.314114 141.458721 16.203984 100.000000 140.000000
114.504614 143.941973 10.994906 120.000000 140.000000
133.458054 146.506569 4.992516 140.000000 140.000000
152.239848 149.090151 -1.445725 160.000000 140.000000
171.002184 151.632796 -7.888529 180.000000 140.000000
15.119779 153.111831 31.038303 20.000000 160.000000
35.107669 154.542816 30.501387 40.000000 160.000000
54.963359 156.521595 28.140697 60.000000 160.000000
74.437924 158.728392 24.309113 80.000000 160.000000
93.692442 161.157682 19.397953 100.000000 160.000000
112.739533 163.707914 13.656536 120.000000 160.000000
131.589726 166.324072 7.304383 140.000000 160.000000
150.352061 168.866718 0.861579 160.000000 160.000000
169.114397 171.409363 -5.581225 180.000000 160.000000
13.961263 172.057809 37.345387 20.000000 180.000000
33.948484 173.880644 35.698671 40.000000 180.000000
53.542552 176.025777 32.303271 60.000000 180.000000
72.850209 178.382727 27.706875 80.000000 180.000000
91.975944 180.904341 22.230669 100.000000 180.000000
110.932723 183.535535 16.049791 120.000000 180.000000
129.701939 186.100639 9.611687 140.000000 180.000000
148.464274 188.643285 3.168883 160.000000 180.000000
167.226610 191.185930 -3.273921 180.000000 180.000000
