25.256731 28.965712 32.082829 20.000000 20.000000
44.595487 27.890840 27.097133 40.000000 20.000000
63.934243 26.815968 22.111436 60.000000 20.000000
83.397056 26.095001 17.831907 80.000000 20.000000
103.247516 26.419946 15.501254 100.000000 20.000000
123.205003 27.524207 14.973800 120.000000 20.000000
143.075573 29.160443 16.047779 140.000000 20.000000
162.801988 31.154535 18.415334 160.000000 20.000000
182.354961 33.446328 21.978383 180.000000 20.000000
23.623370 46.181601 22.035676 20.000000 40.000000
42.962126 45.106729 17.049980 40.000000 40.000000
62.331994 44.125418 12.266341 60.000000 40.000000
82.070742 44.095190 9.235276 80.000000 40.000000
102.019365 44.968275 8.126888 100.000000 40.000000
121.934619 46.484363 8.776387 120.000000 40.000000
141.703634 48.422405 10.894780 140.000000 40.000000
161.292130 50.668426 14.248151 160.000000 40.000000
180.646155 53.095512 18.644857 180.000000 40.000000
21.990008 63.397490 11.988523 20.000000 60.000000
41.326259 62.319092 7.006946 40.000000 60.000000
60.922766 61.877668 3.188795 60.000000 60.000000
80.828259 62.478247 1.461364 80.000000 60.000000
100.774365 63.823625 1.592141 100.000000 60.000000
120.597820 65.696057 3.406968 120.000000 60.000000
140.218406 67.897342 6.567693 140.000000 60.000000
159.617271 70.298564 10.787308 160.000000 60.000000
178.760966 72.814257 15.931561 180.000000 60.000000
20.356647 80.613380 1.941370 20.000000 80.000000
39.688205 79.539614 3.038997 40.000000 80.000000
59.164506 78.781585 7.529559 60.000000 80.000000
78.799747 78.539711 11.308474 80.000000 80.000000
98.564211 78.919507 14.293141 100.000000 80.000000
118.437460 80.126677 16.271930 120.000000 80.000000
138.285040 82.549892 16.947819 140.000000 80.000000
157.859527 86.496909 16.223305 160.000000 80.000000
176.740060 92.576324 13.817316 180.000000 80.000000
18.596853 97.624472 8.437805 20.000000 100.000000
37.867098 96.424568 13.637801 40.000000 100.000000
57.226244 95.349538 18.601844 60.000000 100.000000
76.749849 94.661461 22.975764 80.000000 100.000000
96.405073 94.508343 26.636029 100.000000 100.000000
116.192583 95.022201 29.453790 120.000000 100.000000
136.095543 96.407947 31.210129 140.000000 100.000000
155.913563 99.130027 31.588488 160.000000 100.000000
175.378902 103.487737 30.520063 180.000000 100.000000
16.810242 114.579324 18.894431 20.000000 120.000000
36.082746 113.395493 24.106833 40.000000 120.000000
55.367858 112.187919 29.287824 60.000000 120.000000
74.783547 111.154727 34.152974 80.000000 120.000000
94.344438 110.548501 38.402000 100.000000 120.000000
114.018310 110.506205 41.927931 120.000000 120.000000
133.830010 111.137710 44.592060 140.000000 120.000000
153.759268 112.754866 46.071723 160.000000 120.000000
173.523945 115.781964 46.168176 180.000000 120.000000
15.023630 131.534175 29.351057 20.000000 140.000000
34.296134 130.350345 34.563459 40.000000 140.000000
53.568638 129.166515 39.775862 60.000000 140.000000
72.871396 127.973515 44.922438 80.000000 140.000000
92.340432 126.991498 49.675617 100.000000 140.000000
111.940181 126.453983 53.809968 120.000000 140.000000
131.625868 126.519340 57.205479 140.000000 140.000000
151.463742 127.284421 59.702826 160.000000 140.000000
171.421005 129.163092 60.868640 180.000000 140.000000
13.237018 148.489027 39.807683 20.000000 160.000000
32.509522 147.305196 45.020085 40.000000 160.000000
51.782026 146.121366 50.232488 60.000000 160.000000
71.054530 144.937536 55.444891 80.000000 160.000000
90.408897 143.743990 60.529949 100.000000 160.000000
109.927006 142.813561 65.180022 120.000000 160.000000
129.542074 142.376025 69.191317 140.000000 160.000000
149.242978 142.552300 72.456106 160.000000 160.000000
169.121834 143.454506 74.761696 180.000000 160.000000
11.450407 165.443878 50.264309 20.000000 180.000000
30.722911 164.260048 55.476711 40.000000 180.000000
49.995414 163.076218 60.689114 60.000000 180.000000
69.267918 161.892387 65.901517 80.000000 180.000000
88.544272 160.691195 71.097568 100.000000 180.000000
107.930432 159.546563 76.127208 120.000000 180.000000
127.499146 158.669849 80.665436 140.000000 180.000000
147.145723 158.309899 84.560871 160.000000 180.000000
166.860655 158.610591 87.675201 180.000000 180.000000
