22.643123 24.016077 21.951300 20.000000 20.000000
42.346042 23.623047 18.539481 40.000000 20.000000
62.048961 23.230018 15.127662 60.000000 20.000000
81.776372 22.957820 12.191825 80.000000 20.000000
101.703084 23.141041 10.557504 100.000000 20.000000
121.689522 23.662013 10.108393 120.000000 20.000000
141.635901 24.402057 10.701165 140.000000 20.000000
161.534307 25.299417 12.129287 160.000000 20.000000
181.393607 26.351279 14.323893 180.000000 20.000000
21.827040 42.779812 15.076982 20.000000 40.000000
41.529959 42.386783 11.665163 40.000000 40.000000
61.233449 42.019726 8.389863 60.000000 40.000000
81.099882 42.047330 6.290817 80.000000 40.000000
101.081072 42.469158 5.461390 100.000000 40.000000
121.053132 43.165113 5.778486 120.000000 40.000000
140.972496 44.040969 7.045616 140.000000 40.000000
160.840933 45.069163 9.105809 160.000000 40.000000
180.618634 46.184217 11.832092 180.000000 40.000000
21.010957 61.543548 8.202664 20.000000 60.000000
40.710878 61.146072 4.793684 40.000000 60.000000
60.514818 61.002374 2.168806 60.000000 60.000000
80.469629 61.304320 0.932732 80.000000 60.000000
100.456171 61.929747 0.912435 100.000000 60.000000
120.406466 62.784331 1.983217 120.000000 60.000000
140.284212 63.789325 3.919491 140.000000 60.000000
160.080572 64.892224 6.532169 160.000000 60.000000
179.771465 66.050396 9.731732 180.000000 60.000000
20.194873 80.307283 1.328346 20.000000 80.000000
39.889853 79.910821 2.078121 40.000000 80.000000
59.654194 79.637148 5.141712 60.000000 80.000000
79.488076 79.583877 7.700516 80.000000 80.000000
99.382094 79.799276 9.685036 100.000000 80.000000
119.346581 80.360976 10.926056 120.000000 80.000000
139.326939 81.448747 11.173928 140.000000 80.000000
159.218562 83.220395 10.307311 160.000000 80.000000
178.891478 85.950701 8.010449 180.000000 80.000000
19.312460 98.989658 5.773288 20.000000 100.000000
38.983829 98.547778 9.330729 40.000000 100.000000
58.703681 98.143144 12.724856 60.000000 100.000000
78.498997 97.892850 15.705929 80.000000 100.000000
98.340686 97.877482 18.179058 100.000000 100.000000
118.247716 98.149766 20.041240 120.000000 100.000000
138.241906 98.778268 21.114995 140.000000 100.000000
158.218247 99.996163 21.130654 160.000000 100.000000
178.074176 101.953106 19.980695 180.000000 100.000000
18.417391 117.644755 12.927742 20.000000 120.000000
38.092359 117.221161 16.493719 40.000000 120.000000
57.774958 116.766383 20.038150 60.000000 120.000000
77.534913 116.366863 23.363082 80.000000 120.000000
97.350873 116.147835 26.255523 100.000000 120.000000
117.198239 116.184109 28.631814 120.000000 120.000000
137.121727 116.502565 30.380795 140.000000 120.000000
157.146279 117.220311 31.245169 160.000000 120.000000
177.101151 118.577443 31.038307 180.000000 120.000000
17.522322 136.299851 20.082196 20.000000 140.000000
37.197291 135.876258 23.648173 40.000000 140.000000
56.872259 135.452665 27.214150 60.000000 140.000000
76.566080 135.000254 30.734865 80.000000 140.000000
96.361406 134.609951 33.981598 100.000000 140.000000
116.201642 134.413214 36.792336 120.000000 140.000000
136.049361 134.499434 39.073747 140.000000 140.000000
155.991485 134.872360 40.699848 160.000000 140.000000
176.053322 135.687729 41.325121 180.000000 140.000000
16.627254 154.954948 27.236651 20.000000 160.000000
36.302222 154.531355 30.802628 40.000000 160.000000
55.977190 154.107762 34.368604 60.000000 160.000000
75.652159 153.684169 37.934581 80.000000 160.000000
95.386193 153.211270 41.412589 100.000000 160.000000
115.215196 152.832783 44.586621 120.000000 160.000000
135.056074 152.684032 47.309404 140.000000 160.000000
154.908011 152.822156 49.496278 160.000000 160.000000
174.884653 153.241348 50.980144 180.000000 160.000000
15.732185 173.610045 34.391105 20.000000 180.000000
35.407154 173.186452 37.957082 40.000000 180.000000
55.082122 172.762859 41.523059 60.000000 180.000000
74.757090 172.339265 45.089036 80.000000 180.000000
94.433104 171.895273 48.643868 100.000000 180.000000
114.188894 171.448347 52.083459 120.000000 180.000000
134.051791 171.080787 55.178742 140.000000 180.000000
153.910736 170.961325 57.818556 160.000000 180.000000
173.765721 171.155745 59.895309 180.000000 180.000000
