4.508215 12.090937 -3.471390 3.462179 12.921026
7.364222 21.249117 -6.878836 6.098694 22.760636
9.772778 30.433165 -10.914133 8.770884 32.733386
11.801456 39.612292 -15.447702 11.474465 42.823286
13.497512 48.724405 -20.358001 14.191528 52.963503
14.888772 57.609339 -25.478370 16.871311 62.964589
16.007710 66.232001 -30.737470 19.500901 72.778353
16.877880 74.669948 -36.162446 22.104200 82.493996
17.534070 82.977705 -41.748444 24.695761 92.165833
17.951536 91.167280 -47.527305 27.285044 101.829171
18.145238 99.235307 -53.465544 29.871041 111.480242
18.129030 107.215068 -59.559878 32.463924 121.157013
17.885669 115.116751 -65.825092 35.070918 130.886446
17.426043 122.918388 -72.223923 37.683601 140.637112
16.768582 130.681446 -78.778376 40.318969 150.472442
15.894030 138.625435 -85.670474 43.051781 160.671432
14.824042 146.676494 -92.820738 45.854231 171.130318
13.615574 154.616037 -100.006332 48.645242 181.546514
12.343161 162.232846 -107.001506 51.343111 191.615101
8.284746 0.896056 -5.533951 9.659239 2.588185
20.905022 3.134567 -14.045734 24.521421 6.570495
29.135145 4.940004 -19.604898 34.272250 9.183222
37.305293 7.040480 -25.116407 44.005797 11.791318
45.401212 9.418365 -30.558366 53.704043 14.389955
53.402997 12.077016 -35.903683 63.346518 16.973648
61.305211 15.012534 -41.135347 72.928600 19.541160
69.165075 18.250034 -46.276735 82.523878 22.112206
76.990779 21.814227 -51.314053 92.151942 24.692038
84.749037 25.707147 -56.206504 101.782783 27.272614
92.405323 29.937093 -60.909923 111.388482 29.846454
99.945496 34.491516 -65.407974 120.956791 32.410274
107.326367 39.349693 -69.664303 130.442059 34.951844
114.466959 44.474677 -73.615947 139.754704 37.447160
120.384436 49.202514 -76.696219 147.629630 39.557240
127.711444 56.794502 -79.640257 158.199694 42.389480
134.388832 63.744873 -82.305748 167.859029 44.977691
141.066219 70.695244 -84.971239 177.518363 47.565902
147.743607 77.645614 -87.636729 187.177698 50.154113
